101010101010101010101010101010101010101010101010101010101010
100000000000000000000000000000000000000000000000000000000010
100000000000000000000000000000000000000000000000000000000010
100000000000000000000000000000000000000000000000000000000010
100000000000000000000000000000000000000000000000000000000010
100000000000000000000000000000000000000000000000000000000010
100000000001000000000000000000000000000000000000000000000010
100000000000000000000000000000000000000001000000000000000010
100010101010101000000000000000000000000000000000000000000010
100000000000000000000000000100000000000000000000101000000010
100000000000000000000000000000000000001010000000101000000010
100000000000000000000000001010000000001010000000101000000010
100000000000000010100000001010000000001010000000101000000010
101010101000000010100000001010000000001010000000101000000010
101010101010101010101010101010101010101010101010101010101010

image image:scratch
